 1.0000e+00	 3.3173e+03	 1.8194e+02	
 2.0000e+00	 3.2568e+03	 1.8186e+02	
 3.0000e+00	 2.3840e+03	 1.8194e+02	
 4.0000e+00	 1.4205e+03	 1.8177e+02	
 5.0000e+00	 1.3960e+03	 1.8297e+02	
 6.0000e+00	 1.3819e+03	 1.8182e+02	
 7.0000e+00	 1.3672e+03	 1.8171e+02	
 8.0000e+00	 1.3593e+03	 1.8210e+02	
 9.0000e+00	 1.3500e+03	 1.8208e+02	
 1.0000e+01	 1.3441e+03	 1.8255e+02	
 1.1000e+01	 1.3367e+03	 2.2605e+02	
 1.2000e+01	 1.3324e+03	 1.8124e+02	
 1.3000e+01	 1.3288e+03	 1.8176e+02	
 1.4000e+01	 1.3217e+03	 1.8159e+02	
 1.5000e+01	 1.3150e+03	 1.8274e+02	
 1.6000e+01	 1.3159e+03	 1.8138e+02	
 1.7000e+01	 1.3091e+03	 1.8124e+02	
 1.8000e+01	 1.3040e+03	 1.8195e+02	
 1.9000e+01	 1.3024e+03	 1.8221e+02	
 2.0000e+01	 1.2977e+03	 1.8162e+02	
 2.1000e+01	 1.2955e+03	 2.1026e+02	
 2.2000e+01	 1.2913e+03	 1.8154e+02	
 2.3000e+01	 1.2927e+03	 1.8172e+02	
 2.4000e+01	 1.2856e+03	 1.8239e+02	
 2.5000e+01	 1.2832e+03	 1.8159e+02	
 2.6000e+01	 1.2817e+03	 1.8170e+02	
 2.7000e+01	 1.2784e+03	 1.8146e+02	
 2.8000e+01	 1.2773e+03	 1.8200e+02	
 2.9000e+01	 1.2751e+03	 1.8211e+02	
 3.0000e+01	 1.2732e+03	 1.8166e+02	
 3.1000e+01	 1.2723e+03	 2.1044e+02	
 3.2000e+01	 1.2661e+03	 1.8165e+02	
 3.3000e+01	 1.2679e+03	 1.8143e+02	
 3.4000e+01	 1.2650e+03	 1.8273e+02	
 3.5000e+01	 1.2631e+03	 1.8192e+02	
 3.6000e+01	 1.2607e+03	 1.8150e+02	
 3.7000e+01	 1.2586e+03	 1.8199e+02	
 3.8000e+01	 1.2543e+03	 1.8150e+02	
 3.9000e+01	 1.2533e+03	 1.8208e+02	
 4.0000e+01	 1.2479e+03	 1.8157e+02	
 4.1000e+01	 1.2431e+03	 1.8178e+02	
 4.2000e+01	 1.2447e+03	 1.8152e+02	
 4.3000e+01	 1.2441e+03	 1.8183e+02	
 4.4000e+01	 1.2427e+03	 1.8142e+02	
 4.5000e+01	 1.2408e+03	 1.8224e+02	
 4.6000e+01	 1.2419e+03	 1.8140e+02	
 4.7000e+01	 1.2388e+03	 1.8167e+02	
 4.8000e+01	 1.2405e+03	 1.8223e+02	
 4.9000e+01	 1.2379e+03	 1.8225e+02	
 5.0000e+01	 1.2361e+03	 1.8131e+02	
 5.1000e+01	 1.2352e+03	 2.1979e+02	
 5.2000e+01	 1.2346e+03	 1.8191e+02	
 5.3000e+01	 1.2344e+03	 1.8229e+02	
 5.4000e+01	 1.2320e+03	 1.8185e+02	
 5.5000e+01	 1.2293e+03	 1.8236e+02	
 5.6000e+01	 1.2307e+03	 1.8208e+02	
 5.7000e+01	 1.2278e+03	 1.8208e+02	
 5.8000e+01	 1.2264e+03	 1.8280e+02	
 5.9000e+01	 1.2248e+03	 1.8207e+02	
 6.0000e+01	 1.2241e+03	 1.8172e+02	
 6.1000e+01	 1.2225e+03	 2.0913e+02	
 6.2000e+01	 1.2202e+03	 1.8182e+02	
 6.3000e+01	 1.2199e+03	 1.8213e+02	
 6.4000e+01	 1.2169e+03	 1.8226e+02	
 6.5000e+01	 1.2159e+03	 1.8256e+02	
 6.6000e+01	 1.2134e+03	 1.8155e+02	
 6.7000e+01	 1.2120e+03	 1.8172e+02	
 6.8000e+01	 1.2092e+03	 1.8257e+02	
 6.9000e+01	 1.2078e+03	 1.8164e+02	
 7.0000e+01	 1.2043e+03	 1.8192e+02	
 7.1000e+01	 1.2040e+03	 2.0964e+02	
 7.2000e+01	 1.1984e+03	 1.8241e+02	
 7.3000e+01	 1.1996e+03	 1.8195e+02	
 7.4000e+01	 1.1954e+03	 1.8275e+02	
 7.5000e+01	 1.1954e+03	 1.9826e+02	
 7.6000e+01	 1.1891e+03	 1.8362e+02	
 7.7000e+01	 1.1880e+03	 1.8263e+02	
 7.8000e+01	 1.1868e+03	 1.8239e+02	
 7.9000e+01	 1.1817e+03	 1.8178e+02	
 8.0000e+01	 1.1783e+03	 1.8158e+02	
 8.1000e+01	 1.1756e+03	 2.0910e+02	
 8.2000e+01	 1.1733e+03	 1.8360e+02	
 8.3000e+01	 1.1709e+03	 1.8168e+02	
 8.4000e+01	 1.1656e+03	 1.8216e+02	
 8.5000e+01	 1.1650e+03	 1.8198e+02	
 8.6000e+01	 1.1612e+03	 1.8167e+02	
 8.7000e+01	 1.1582e+03	 1.8301e+02	
 8.8000e+01	 1.1547e+03	 1.8176e+02	
 8.9000e+01	 1.1526e+03	 1.8180e+02	
 9.0000e+01	 1.1494e+03	 1.8178e+02	
 9.1000e+01	 1.1453e+03	 2.0975e+02	
 9.2000e+01	 1.1420e+03	 1.8204e+02	
 9.3000e+01	 1.1359e+03	 1.8155e+02	
 9.4000e+01	 1.1354e+03	 1.8181e+02	
 9.5000e+01	 1.1303e+03	 1.8168e+02	
 9.6000e+01	 1.1280e+03	 1.8155e+02	
 9.7000e+01	 1.1239e+03	 1.8239e+02	
 9.8000e+01	 1.1211e+03	 1.8136e+02	
 9.9000e+01	 1.1164e+03	 1.8135e+02	
 1.0000e+02	 1.1140e+03	 1.8216e+02	
 1.0100e+02	 1.1121e+03	 2.0868e+02	
 1.0200e+02	 1.1080e+03	 1.8109e+02	
 1.0300e+02	 1.1029e+03	 1.8172e+02	
 1.0400e+02	 1.1005e+03	 1.8158e+02	
 1.0500e+02	 1.0945e+03	 1.8136e+02	
 1.0600e+02	 1.0937e+03	 1.8201e+02	
 1.0700e+02	 1.0918e+03	 1.8208e+02	
 1.0800e+02	 1.0877e+03	 1.8134e+02	
 1.0900e+02	 1.0837e+03	 1.8119e+02	
 1.1000e+02	 1.0785e+03	 1.8193e+02	
 1.1100e+02	 1.0773e+03	 2.0967e+02	
 1.1200e+02	 1.0759e+03	 1.8129e+02	
 1.1300e+02	 1.0687e+03	 1.8234e+02	
 1.1400e+02	 1.0670e+03	 1.8189e+02	
 1.1500e+02	 1.0657e+03	 1.8178e+02	
 1.1600e+02	 1.0598e+03	 1.8248e+02	
 1.1700e+02	 1.0595e+03	 1.8138e+02	
 1.1800e+02	 1.0559e+03	 1.8146e+02	
 1.1900e+02	 1.0538e+03	 1.8147e+02	
 1.2000e+02	 1.0470e+03	 1.8181e+02	
 1.2100e+02	 1.0450e+03	 2.0907e+02	
 1.2200e+02	 1.0462e+03	 1.8124e+02	
 1.2300e+02	 1.0415e+03	 1.8198e+02	
 1.2400e+02	 1.0369e+03	 1.8178e+02	
 1.2500e+02	 1.0385e+03	 1.8741e+02	
 1.2600e+02	 1.0326e+03	 1.8807e+02	
 1.2700e+02	 1.0331e+03	 1.8327e+02	
 1.2800e+02	 1.0286e+03	 1.8168e+02	
 1.2900e+02	 1.0276e+03	 1.8811e+02	
 1.3000e+02	 1.0253e+03	 2.0213e+02	
 1.3100e+02	 1.0214e+03	 2.1631e+02	
 1.3200e+02	 1.0209e+03	 2.0000e+02	
 1.3300e+02	 1.0178e+03	 2.0093e+02	
 1.3400e+02	 1.0133e+03	 2.0161e+02	
 1.3500e+02	 1.0134e+03	 2.0186e+02	
 1.3600e+02	 1.0116e+03	 2.0495e+02	
 1.3700e+02	 1.0078e+03	 2.0195e+02	
 1.3800e+02	 1.0061e+03	 2.0737e+02	
 1.3900e+02	 1.0063e+03	 2.0016e+02	
 1.4000e+02	 1.0042e+03	 2.0187e+02	
 1.4100e+02	 1.0028e+03	 2.1550e+02	
 1.4200e+02	 9.9801e+02	 2.0041e+02	
 1.4300e+02	 9.9773e+02	 2.0394e+02	
 1.4400e+02	 9.9812e+02	 2.0167e+02	
 1.4500e+02	 9.9386e+02	 2.0262e+02	
 1.4600e+02	 9.9182e+02	 2.0112e+02	
 1.4700e+02	 9.9244e+02	 2.0247e+02	
 1.4800e+02	 9.8778e+02	 2.0535e+02	
 1.4900e+02	 9.8899e+02	 2.0360e+02	
 1.5000e+02	 9.8583e+02	 2.0169e+02	
 1.5100e+02	 9.8582e+02	 2.1745e+02	
 1.5200e+02	 9.8314e+02	 1.8759e+02	
 1.5300e+02	 9.8268e+02	 1.8161e+02	
 1.5400e+02	 9.7872e+02	 1.8146e+02	
 1.5500e+02	 9.7817e+02	 1.8183e+02	
 1.5600e+02	 9.7804e+02	 1.8586e+02	
 1.5700e+02	 9.7355e+02	 1.8088e+02	
 1.5800e+02	 9.7326e+02	 1.8169e+02	
 1.5900e+02	 9.7289e+02	 1.8103e+02	
 1.6000e+02	 9.7205e+02	 1.8110e+02	
 1.6100e+02	 9.7224e+02	 1.8991e+02	
 1.6200e+02	 9.6789e+02	 1.8212e+02	
 1.6300e+02	 9.6704e+02	 1.8103e+02	
 1.6400e+02	 9.6789e+02	 1.8145e+02	
 1.6500e+02	 9.6388e+02	 1.8127e+02	
 1.6600e+02	 9.6680e+02	 1.8343e+02	
 1.6700e+02	 9.6183e+02	 1.8556e+02	
 1.6800e+02	 9.6408e+02	 1.8319e+02	
 1.6900e+02	 9.5937e+02	 1.8140e+02	
 1.7000e+02	 9.5938e+02	 1.8131e+02	
 1.7100e+02	 9.5910e+02	 1.9005e+02	
 1.7200e+02	 9.5716e+02	 1.8136e+02	
 1.7300e+02	 9.5630e+02	 1.8133e+02	
 1.7400e+02	 9.5556e+02	 1.8100e+02	
 1.7500e+02	 9.5369e+02	 1.8212e+02	
 1.7600e+02	 9.5407e+02	 1.8655e+02	
 1.7700e+02	 9.5396e+02	 1.8618e+02	
 1.7800e+02	 9.5031e+02	 1.8170e+02	
 1.7900e+02	 9.4789e+02	 1.8146e+02	
 1.8000e+02	 9.4821e+02	 1.8103e+02	
 1.8100e+02	 9.4903e+02	 1.8616e+02	
 1.8200e+02	 9.4730e+02	 1.8574e+02	
 1.8300e+02	 9.4749e+02	 1.8123e+02	
 1.8400e+02	 9.4349e+02	 1.8209e+02	
 1.8500e+02	 9.4224e+02	 1.8145e+02	
 1.8600e+02	 9.4329e+02	 1.8178e+02	
 1.8700e+02	 9.4247e+02	 1.8565e+02	
 1.8800e+02	 9.4260e+02	 1.8180e+02	
 1.8900e+02	 9.4054e+02	 1.8131e+02	
 1.9000e+02	 9.4027e+02	 1.8096e+02	
 1.9100e+02	 9.3847e+02	 1.8577e+02	
 1.9200e+02	 9.3654e+02	 1.8522e+02	
 1.9300e+02	 9.3895e+02	 1.8184e+02	
 1.9400e+02	 9.3607e+02	 1.8168e+02	
 1.9500e+02	 9.3625e+02	 1.8173e+02	
 1.9600e+02	 9.3577e+02	 1.8119e+02	
 1.9700e+02	 9.3203e+02	 1.8108e+02	
 1.9800e+02	 9.3288e+02	 1.8622e+02	
 1.9900e+02	 9.3338e+02	 1.8113e+02	
 2.0000e+02	 9.3306e+02	 1.8191e+02
2.0100e+02	 9.2910e+02	 1.8719e+02	
 2.0200e+02	 9.3114e+02	 2.0380e+02	
 2.0300e+02	 9.3022e+02	 2.3451e+02	
 2.0400e+02	 9.2749e+02	 2.2690e+02	
 2.0500e+02	 9.2819e+02	 1.9971e+02	
 2.0600e+02	 9.2761e+02	 1.8132e+02	
 2.0700e+02	 9.2562e+02	 1.8429e+02	
 2.0800e+02	 9.2676e+02	 1.8733e+02	
 2.0900e+02	 9.2491e+02	 1.8255e+02	
 2.1000e+02	 9.2272e+02	 1.8200e+02	
 2.1100e+02	 9.2497e+02	 2.0114e+02	
 2.1200e+02	 9.2352e+02	 1.8174e+02	
 2.1300e+02	 9.2507e+02	 1.8679e+02	
 2.1400e+02	 9.2217e+02	 1.8241e+02	
 2.1500e+02	 9.1872e+02	 1.8271e+02	
 2.1600e+02	 9.2436e+02	 1.8181e+02	
 2.1700e+02	 9.1988e+02	 1.8202e+02	
 2.1800e+02	 9.1977e+02	 1.8275e+02	
 2.1900e+02	 9.2062e+02	 1.8690e+02	
 2.2000e+02	 9.1756e+02	 1.8197e+02	
 2.2100e+02	 9.1940e+02	 1.9976e+02	
 2.2200e+02	 9.1480e+02	 1.8610e+02	
 2.2300e+02	 9.2034e+02	 1.8245e+02	
 2.2400e+02	 9.1734e+02	 1.8327e+02	
 2.2500e+02	 9.1565e+02	 1.8239e+02	
 2.2600e+02	 9.1481e+02	 1.8217e+02	
 2.2700e+02	 9.1565e+02	 1.8602e+02	
 2.2800e+02	 9.1625e+02	 1.8279e+02	
 2.2900e+02	 9.1408e+02	 1.8251e+02	
 2.3000e+02	 9.1493e+02	 1.8223e+02	
2.3100e+02	 9.1372e+02	 1.8236e+02	
 2.3200e+02	 9.1392e+02	 1.8282e+02	
 2.3300e+02	 9.1447e+02	 1.8325e+02	
 2.3400e+02	 9.1509e+02	 1.8551e+02	
 2.3500e+02	 9.1330e+02	 1.8258e+02	
 2.3600e+02	 9.1446e+02	 1.8318e+02	
 2.3700e+02	 9.1062e+02	 1.8302e+02	
 2.3800e+02	 9.1377e+02	 1.8533e+02	
 2.3900e+02	 9.1232e+02	 1.8284e+02	
 2.4000e+02	 9.1295e+02	 1.8234e+02	
 2.4100e+02	 9.1121e+02	 1.9989e+02	
 2.4200e+02	 9.1419e+02	 1.8576e+02	
 2.4300e+02	 9.1291e+02	 1.8274e+02	
 2.4400e+02	 9.1323e+02	 1.8258e+02	
 2.4500e+02	 9.1265e+02	 1.8261e+02	
 2.4600e+02	 9.1065e+02	 1.8451e+02	
 2.4700e+02	 9.1219e+02	 1.8343e+02	
 2.4800e+02	 9.1182e+02	 1.8249e+02	
 2.4900e+02	 9.1263e+02	 1.8298e+02	
 2.5000e+02	 9.1135e+02	 1.8247e+02	
 2.5100e+02	 9.1105e+02	 2.0159e+02	
 2.5200e+02	 9.1270e+02	 1.8272e+02	
 2.5300e+02	 9.1374e+02	 1.8286e+02	
 2.5400e+02	 9.1245e+02	 1.8225e+02	
 2.5500e+02	 9.1169e+02	 1.8279e+02	
 2.5600e+02	 9.1243e+02	 1.8457e+02	
 2.5700e+02	 9.1270e+02	 1.8240e+02	
 2.5800e+02	 9.1282e+02	 1.8241e+02	
 2.5900e+02	 9.1154e+02	 1.8273e+02	
 2.6000e+02	 9.1022e+02	 1.8275e+02	
 2.6100e+02	 9.1229e+02	 1.8630e+02	
 2.6200e+02	 9.1001e+02	 1.8576e+02	
 2.6300e+02	 9.1185e+02	 1.8752e+02	
 2.6400e+02	 9.1045e+02	 1.8572e+02	
 2.6500e+02	 9.1049e+02	 1.8580e+02	
 2.6600e+02	 9.1107e+02	 1.8720e+02	
 2.6700e+02	 9.1106e+02	 1.8611e+02	
 2.6800e+02	 9.1250e+02	 1.8634e+02	
 2.6900e+02	 9.1230e+02	 1.8625e+02	
 2.7000e+02	 9.1046e+02	 1.8571e+02	
 2.7100e+02	 9.1111e+02	 2.0278e+02	
 2.7200e+02	 9.0862e+02	 1.8587e+02	
 2.7300e+02	 9.0997e+02	 1.8629e+02	
 2.7400e+02	 9.1063e+02	 1.8582e+02	
 2.7500e+02	 9.1157e+02	 1.8685e+02	
 2.7600e+02	 9.0985e+02	 1.8679e+02	
 2.7700e+02	 9.1010e+02	 1.8642e+02	
 2.7800e+02	 9.1110e+02	 1.8664e+02	
 2.7900e+02	 9.0958e+02	 1.8543e+02	
 2.8000e+02	 9.1181e+02	 1.8594e+02	
 2.8100e+02	 9.1135e+02	 2.0156e+02	
 2.8200e+02	 9.1033e+02	 1.8630e+02	
 2.8300e+02	 9.1121e+02	 1.8614e+02	
 2.8400e+02	 9.1163e+02	 1.8608e+02	
 2.8500e+02	 9.1144e+02	 1.8627e+02	
 2.8600e+02	 9.1232e+02	 1.8591e+02	
 2.8700e+02	 9.0878e+02	 1.8675e+02	
 2.8800e+02	 9.0991e+02	 1.8631e+02	
 2.8900e+02	 9.1125e+02	 1.8612e+02	
 2.9000e+02	 9.1237e+02	 1.8596e+02	
 2.9100e+02	 9.1164e+02	 2.0254e+02	
 2.9200e+02	 9.1093e+02	 1.8620e+02	
 2.9300e+02	 9.1077e+02	 1.8545e+02	
 2.9400e+02	 9.0985e+02	 1.8653e+02	
 2.9500e+02	 9.1028e+02	 1.8562e+02	
 2.9600e+02	 9.1091e+02	 1.8635e+02	
 2.9700e+02	 9.1301e+02	 1.8665e+02	
 2.9800e+02	 9.1119e+02	 1.8634e+02	
 2.9900e+02	 9.1234e+02	 1.8565e+02	
 3.0000e+02	 9.1051e+02	 1.8566e+02	
 3.0100e+02	 9.1117e+02	 2.0228e+02	
 3.0200e+02	 9.1012e+02	 1.8587e+02	
 3.0300e+02	 9.1040e+02	 1.8688e+02	
 3.0400e+02	 9.1017e+02	 1.8617e+02	
 3.0500e+02	 9.1177e+02	 1.8593e+02	
 3.0600e+02	 9.1091e+02	 1.8626e+02	
 3.0700e+02	 9.1115e+02	 1.8611e+02	
 3.0800e+02	 9.1194e+02	 1.8593e+02	
 3.0900e+02	 9.1184e+02	 1.8577e+02	
 3.1000e+02	 9.1017e+02	 1.8635e+02	
 3.1100e+02	 9.0998e+02	 2.1333e+02	
 3.1200e+02	 9.1033e+02	 1.8580e+02	
 3.1300e+02	 9.1072e+02	 1.8648e+02	
 3.1400e+02	 9.1152e+02	 1.8542e+02	
 3.1500e+02	 9.1264e+02	 1.8639e+02	
 3.1600e+02	 9.1270e+02	 1.8670e+02	
 3.1700e+02	 9.1235e+02	 1.8580e+02	
 3.1800e+02	 9.1266e+02	 1.8627e+02	
 3.1900e+02	 9.0981e+02	 1.8557e+02	
 3.2000e+02	 9.0902e+02	 1.8674e+02	
 3.2100e+02	 9.1174e+02	 2.1275e+02	
 3.2200e+02	 9.1008e+02	 1.8623e+02	
 3.2300e+02	 9.1186e+02	 1.8613e+02	
 3.2400e+02	 9.1060e+02	 1.8588e+02	
 3.2500e+02	 9.1107e+02	 1.8654e+02	
 3.2600e+02	 9.1055e+02	 1.8595e+02	
 3.2700e+02	 9.1195e+02	 1.8572e+02	
 3.2800e+02	 9.0986e+02	 1.8573e+02	
 3.2900e+02	 9.1211e+02	 1.8652e+02	
 3.3000e+02	 9.1213e+02	 1.8604e+02	
 3.3100e+02	 9.0973e+02	 2.1216e+02	
 3.3200e+02	 9.1152e+02	 1.8642e+02	
 3.3300e+02	 9.0988e+02	 1.8559e+02	
 3.3400e+02	 9.1192e+02	 1.8641e+02	
 3.3500e+02	 9.0944e+02	 1.8622e+02	
 3.3600e+02	 9.1099e+02	 1.8586e+02	
 3.3700e+02	 9.1040e+02	 1.8578e+02	
 3.3800e+02	 9.0998e+02	 1.8615e+02	
 3.3900e+02	 9.1085e+02	 1.8734e+02	
 3.4000e+02	 9.1106e+02	 1.8592e+02	
 3.4100e+02	 9.1004e+02	 2.1117e+02	
 3.4200e+02	 9.1087e+02	 1.8581e+02	
 3.4300e+02	 9.1233e+02	 1.8616e+02	
 3.4400e+02	 9.1142e+02	 1.8649e+02	
 3.4500e+02	 9.1070e+02	 1.8643e+02	
 3.4600e+02	 9.0950e+02	 1.8614e+02	
 3.4700e+02	 9.0969e+02	 1.8610e+02	
 3.4800e+02	 9.1026e+02	 1.8631e+02	
 3.4900e+02	 9.0848e+02	 1.8613e+02	
 3.5000e+02	 9.1107e+02	 1.8580e+02	
 3.5100e+02	 9.0856e+02	 2.1141e+02	
 3.5200e+02	 9.0995e+02	 1.8597e+02	
 3.5300e+02	 9.1289e+02	 1.8637e+02	
 3.5400e+02	 9.1031e+02	 1.8621e+02	
 3.5500e+02	 9.1117e+02	 1.8588e+02	
 3.5600e+02	 9.1041e+02	 1.8581e+02	
 3.5700e+02	 9.1044e+02	 1.8576e+02	
 3.5800e+02	 9.1209e+02	 1.8655e+02	
 3.5900e+02	 9.1170e+02	 1.8567e+02	
 3.6000e+02	 9.1041e+02	 1.8584e+02	
 3.6100e+02	 9.1137e+02	 2.1102e+02	
 3.6200e+02	 9.0853e+02	 1.8589e+02	
 3.6300e+02	 9.1061e+02	 1.8633e+02	
 3.6400e+02	 9.1260e+02	 1.8651e+02	
 3.6500e+02	 9.1090e+02	 1.8561e+02	
 3.6600e+02	 9.0951e+02	 1.8608e+02	
 3.6700e+02	 9.1027e+02	 1.8713e+02	
 3.6800e+02	 9.1061e+02	 1.8621e+02	
 3.6900e+02	 9.1100e+02	 1.8584e+02	
 3.7000e+02	 9.1029e+02	 1.8630e+02	
 3.7100e+02	 9.1039e+02	 2.1165e+02	
 3.7200e+02	 9.1118e+02	 1.8615e+02	
 3.7300e+02	 9.0957e+02	 1.8630e+02	
 3.7400e+02	 9.1047e+02	 1.8610e+02	
 3.7500e+02	 9.1072e+02	 1.8586e+02	
 3.7600e+02	 9.1120e+02	 1.8624e+02	
 3.7700e+02	 9.1023e+02	 1.8648e+02	
 3.7800e+02	 9.0905e+02	 1.8603e+02	
 3.7900e+02	 9.1088e+02	 1.8628e+02	
 3.8000e+02	 9.1138e+02	 1.8665e+02	
 3.8100e+02	 9.1097e+02	 2.1188e+02	
 3.8200e+02	 9.1135e+02	 1.8611e+02	
 3.8300e+02	 9.1025e+02	 1.8623e+02	
 3.8400e+02	 9.1052e+02	 1.8602e+02	
 3.8500e+02	 9.0799e+02	 1.8610e+02	
 3.8600e+02	 9.1031e+02	 1.8715e+02	
 3.8700e+02	 9.0958e+02	 1.8591e+02	
 3.8800e+02	 9.1060e+02	 1.8599e+02	
 3.8900e+02	 9.1077e+02	 1.8651e+02	
 3.9000e+02	 9.1062e+02	 1.8594e+02	
 3.9100e+02	 9.1182e+02	 2.1197e+02	
 3.9200e+02	 9.1191e+02	 1.8678e+02	
 3.9300e+02	 9.1022e+02	 1.8573e+02	
 3.9400e+02	 9.1001e+02	 1.8641e+02	
 3.9500e+02	 9.0990e+02	 1.8665e+02	
 3.9600e+02	 9.1035e+02	 1.8652e+02	
 3.9700e+02	 9.1019e+02	 1.8618e+02	
 3.9800e+02	 9.1130e+02	 1.8656e+02	
 3.9900e+02	 9.1101e+02	 1.8606e+02	
 4.0000e+02	 9.0986e+02	 1.8637e+02	
 4.0100e+02	 9.1194e+02	 2.1397e+02	
 4.0200e+02	 9.1128e+02	 1.8616e+02	
 4.0300e+02	 9.0790e+02	 1.8589e+02	
 4.0400e+02	 9.0908e+02	 1.8609e+02	
 4.0500e+02	 9.1169e+02	 1.8716e+02	
 4.0600e+02	 9.0983e+02	 1.8584e+02	
 4.0700e+02	 9.1053e+02	 1.8568e+02	
 4.0800e+02	 9.1128e+02	 1.8627e+02	
 4.0900e+02	 9.0894e+02	 1.8569e+02	
 4.1000e+02	 9.1051e+02	 1.8661e+02	
 4.1100e+02	 9.1108e+02	 2.1103e+02	
 4.1200e+02	 9.1184e+02	 1.8590e+02	
 4.1300e+02	 9.0933e+02	 1.8546e+02	
 4.1400e+02	 9.1091e+02	 1.8708e+02	
 4.1500e+02	 9.1004e+02	 1.8572e+02	
 4.1600e+02	 9.1139e+02	 1.8587e+02	
 4.1700e+02	 9.1055e+02	 1.8650e+02	
 4.1800e+02	 9.1234e+02	 1.8637e+02	
 4.1900e+02	 9.1206e+02	 1.8648e+02	
 4.2000e+02	 9.0847e+02	 1.8653e+02	
 4.2100e+02	 9.1194e+02	 2.1186e+02	
 4.2200e+02	 9.1199e+02	 1.8578e+02	
 4.2300e+02	 9.1084e+02	 1.8636e+02	
 4.2400e+02	 9.1056e+02	 1.8669e+02	
 4.2500e+02	 9.1110e+02	 1.8614e+02	
 4.2600e+02	 9.1104e+02	 1.8581e+02	
 4.2700e+02	 9.1180e+02	 1.8616e+02	
 4.2800e+02	 9.0984e+02	 1.8562e+02	
 4.2900e+02	 9.0940e+02	 1.8650e+02	
 4.3000e+02	 9.0895e+02	 1.8649e+02	
 4.3100e+02	 9.0962e+02	 2.1371e+02	
 4.3200e+02	 9.1099e+02	 1.8598e+02	
 4.3300e+02	 9.0961e+02	 1.8718e+02	
 4.3400e+02	 9.1035e+02	 1.8587e+02	
 4.3500e+02	 9.1198e+02	 1.8556e+02	
 4.3600e+02	 9.1186e+02	 1.8664e+02	
 4.3700e+02	 9.1026e+02	 1.8618e+02	
 4.3800e+02	 9.1247e+02	 1.8644e+02	
 4.3900e+02	 9.1053e+02	 1.8645e+02	
 4.4000e+02	 9.1098e+02	 1.8617e+02	
 4.4100e+02	 9.1007e+02	 2.1450e+02	
 4.4200e+02	 9.1178e+02	 1.8627e+02	
 4.4300e+02	 9.1025e+02	 1.8652e+02	
 4.4400e+02	 9.1065e+02	 1.8586e+02	
 4.4500e+02	 9.1156e+02	 1.8594e+02	
 4.4600e+02	 9.1008e+02	 1.8645e+02	
 4.4700e+02	 9.1202e+02	 1.8586e+02	
 4.4800e+02	 9.1174e+02	 1.8640e+02	
 4.4900e+02	 9.1167e+02	 1.8679e+02	
 4.5000e+02	 9.1062e+02	 1.8587e+02	
 4.5100e+02	 9.1010e+02	 2.1221e+02	
 4.5200e+02	 9.1211e+02	 1.8816e+02		
